#01 25 27 30 28 17 19 38 37 48 42 15 21  # Queen's Gambit Declined
#02 25 27 30 28 17 19 38 37 48 42 15 21 40 19  # Queen's Gambit continuation
#03 33 35 22 20 48 42 15 21 25 27 20 27 42 27 55 45 8 18 38 36 27 12 30 29 16 52 6 5  # Sicilian - Sveshnikov
#04 33 35 22 20 48 42 30 29 25 27 20 27 42 27 55 45 8 18 06 05  # Sicilian Defense
#05 33 35 22 20 48 42 30 29 25 27 20 27 42 27 55 45 8 18 38 36 27 20  # Sicilian Dragon
#06 33 35 22 21 25 27 30 28 8 18 28 35 18 35 23 44 35 50 44 51  # Caro-Kann Defense
#07 33 35 38 36 48 42 15 21  # Ruy Lopez - Berlin Defense
#08 33 35 38 36 48 42 15 21 40 12 06 05 12 03  # Ruy Lopez main line
#09 33 35 38 36 48 42 15 21 40 12 06 05 12 03 55 45 32 48 45 35 25 27 30 22  # Ruy Lopez extended
#10 33 35 38 36 48 42 15 21 40 12 06 05 12 03 47 38 30 29 17 18  # Ruy Lopez variant
#11 33 35 38 36 48 42 15 21 40 12 06 05 12 03 55 45 32 48 47 38 20 28  # Ruy Lopez deep
#12 33 35 38 36 48 42 15 21 40 19 47 20 9 11 20 11 17 18 11 4 25 27  # Italian - Evans Gambit
#13 33 35 38 36 48 42 15 21 40 19 47 20 17 18 55 45 25 27 36 27 18 27  # Italian Game / Giuoco Piano
#14 33 35 38 36 48 42 15 21 40 19 62 61 25 27 30 29  # Italian Game
#15 33 35 38 37 25 27 30 28 8 18 47 11 35 36 22 20 1 2 11 18 9 18 55 38  # French Defense - Winawer
#16 17 19 38 36 48 42 15 21 25 27  # English Opening
#17 48 42 30 28 17 19 22 21 9 10  # Reti Opening
#18 9 10 38 36 16 9 15 21 48 42  # Larsen's Opening
#19 49 50 38 36 48 42 30 28 25 26  # King's Indian Attack
#20 41 43 38 36 48 42 15 21 25 26  # Bird's Opening
#21 33 34 22 20 8 18 38 36 48 42  # Van't Kruijs Opening